     -0.00489202
     -0.18890552
     -0.00001771
      0.00064048
      0.01730767
     -0.00000076
      0.00003146
     -0.00003893
     -0.00191722
      0.00085831
     -0.65013719
     -0.00055309
     -0.00020769
      0.21394201
     -0.00001178
      0.00065581
     -0.00074508
     -0.04066233
      0.00788485
     -1.12752545
     -0.00198914
     -0.00348076
      0.57617635
     -0.00004773
      0.00231117
     -0.00188037
     -0.14359280
      0.01181729
     -1.48454237
     -0.00341659
     -0.00787976
      0.96926206
     -0.00011222
      0.00481028
     -0.00271549
     -0.29981124
      0.01408124
     -1.71555638
     -0.00419366
     -0.01489184
      1.30616474
     -0.00021911
      0.00777690
     -0.00143865
     -0.48442250
      0.01455398
     -1.82139015
     -0.00392981
     -0.02379505
      1.52041554
     -0.00036468
      0.01066813
      0.00285116
     -0.66311604
      0.01230031
     -1.80487299
     -0.00250162
     -0.03139785
      1.56152260
     -0.00051552
      0.01279166
      0.00919416
     -0.79407793
      0.00692972
     -1.69066906
     -0.00026248
     -0.03373629
      1.42477477
     -0.00062145
      0.01353423
      0.01516124
     -0.84145308
     -0.00099946
     -1.53865314
      0.00180538
     -0.02751650
      1.17295575
     -0.00063749
      0.01257224
      0.01797181
     -0.78678799
     -0.00560054
     -1.55835354
      0.00184937
     -0.02274039
      1.20918095
     -0.00068703
      0.01348098
      0.02028633
     -0.85892487
     -0.00935268
     -1.61103594
      0.00132941
     -0.01831319
      1.33151174
     -0.00074557
      0.01516061
      0.02244883
     -0.98674011
     -0.01412885
     -1.65706754
      0.00041663
     -0.00923966
      1.44513726
     -0.00074597
      0.01634867
      0.02155304
     -1.09075296
     -0.01928925
     -1.71289253
     -0.00099016
      0.00363307
      1.58680832
     -0.00069210
      0.01742796
      0.01712778
     -1.19564795
     -0.02393821
     -1.76954567
     -0.00253183
      0.00933707
      1.74843216
     -0.00077531
      0.01925812
      0.02133828
     -1.33683956
     -0.02916161
     -1.80142331
     -0.00396948
      0.01198668
      1.88320637
     -0.00093415
      0.02132404
      0.03086764
     -1.48637044
     -0.03542633
     -1.82068408
     -0.00552097
      0.01648244
      2.00029612
     -0.00108555
      0.02321717
      0.04031462
     -1.62532985
     -0.04304486
     -1.84582996
     -0.00737291
      0.02320137
      2.12574673
     -0.00123282
      0.02502820
      0.04955036
     -1.75974298
     -0.04528874
     -1.93457842
     -0.00880427
      0.03061056
      2.27684879
     -0.00116861
      0.02532885
      0.04644595
     -1.82272565
     -0.04335360
     -2.03295350
     -0.00960931
      0.03489704
      2.40677309
     -0.00100718
      0.02473469
      0.03837775
     -1.83920598
     -0.03968378
     -2.13075972
     -0.01015395
      0.03679081
      2.53050327
     -0.00081977
      0.02387671
      0.02926884
     -1.84312475
     -0.03345295
     -2.23378825
     -0.01038462
      0.03540685
      2.65231419
     -0.00059580
      0.02266944
      0.01877323
     -1.83170974
     -0.03175855
     -2.33193016
     -0.01132724
      0.03529269
      2.83196473
     -0.00051280
      0.02287334
      0.01591509
     -1.90494418
     -0.03282425
     -2.43756700
     -0.01274648
      0.03688125
      3.06457949
     -0.00048912
      0.02388515
      0.01602986
     -2.03395629
     -0.03379214
     -2.51556468
     -0.01376321
      0.03768408
      3.24395943
     -0.00046663
      0.02458619
      0.01673882
     -2.13900280
     -0.03587727
     -2.58356380
     -0.01474776
      0.03970411
      3.41406083
     -0.00045240
      0.02535718
      0.01765103
     -2.24786353
     -0.03636196
     -2.65964103
     -0.01567993
      0.04053143
      3.59662604
     -0.00041228
      0.02611421
      0.01701907
     -2.36080575
     -0.03627089
     -2.74581814
     -0.01670702
      0.04064924
      3.80782580
     -0.00036500
      0.02706620
      0.01608207
     -2.49454832
     -0.03609196
     -2.80930114
     -0.01743511
      0.04041279
      3.97217607
     -0.00031843
      0.02777813
      0.01531471
     -2.60588360
     -0.03603468
     -2.87707973
     -0.01825187
      0.04013973
      4.15661669
     -0.00027147
      0.02868473
      0.01458981
     -2.73635125
     -0.03636380
     -2.95594859
     -0.01939706
      0.04050644
      4.38795328
     -0.00023156
      0.03004517
      0.01400579
     -2.90735936
     -0.03679659
     -3.02843165
     -0.02057775
      0.04109660
      4.62015581
     -0.00019436
      0.03153510
      0.01345469
     -3.08950329
     -0.03769735
     -3.10747313
     -0.02198272
      0.04217825
      4.88904667
     -0.00015849
      0.03339791
      0.01299655
     -3.30804801
     -0.03832527
     -3.15526319
     -0.02303780
      0.04326928
      5.09290075
     -0.00011885
      0.03494908
      0.01206851
     -3.49483609
