   -0.003640
    0.014703
    0.047203
    0.106834
    0.130442
    0.142467
    0.149825
    0.154375
    0.156858
    0.157560
    0.156572
    0.153803
    0.148954
    0.141401
    0.129740
    0.109824
    0.054626
   -0.011310
   -0.041730
   -0.064740
   -0.084500
   -0.031960
    0.017976
    0.081707
    0.170664
    0.257581
    0.312296
    0.339606
    0.355783
    0.365455
    0.369981
    0.369385
    0.362507
    0.346184
    0.311847
    0.239074
    0.152322
    0.073431
   -0.006035
   -0.060649
   -0.109005
   -0.154046
   -0.052471
    0.022441
    0.112128
    0.229084
    0.371025
    0.461190
    0.505718
    0.532139
    0.548168
    0.556044
    0.555761
    0.545340
    0.519428
    0.463471
    0.342740
    0.200504
    0.095360
    0.000167
   -0.076879
   -0.147680
   -0.214646
   -0.065174
    0.028097
    0.138465
    0.282094
    0.470774
    0.589150
    0.648161
    0.683442
    0.704996
    0.715749
    0.715699
    0.702301
    0.668688
    0.596274
    0.440737
    0.254372
    0.120413
    0.007296
   -0.090419
   -0.180765
   -0.266301
   -0.070070
    0.034944
    0.160719
    0.329693
    0.556829
    0.696176
    0.766935
    0.809692
    0.835939
    0.849095
    0.849199
    0.833391
    0.793962
    0.710255
    0.533065
    0.313924
    0.148590
    0.015353
   -0.101270
   -0.208260
   -0.309010
   -0.067157
    0.042982
    0.178889
    0.371882
    0.629189
    0.782268
    0.862040
    0.910890
    0.940998
    0.956083
    0.956261
    0.938609
    0.895252
    0.805415
    0.619724
    0.379162
    0.179891
    0.024337
   -0.109432
   -0.230165
   -0.342773
   -0.056436
    0.052211
    0.192975
    0.408660
    0.687854
    0.847426
    0.933476
    0.987035
    1.020172
    1.036713
    1.036885
    1.017955
    0.972556
    0.881753
    0.700715
    0.450084
    0.214316
    0.034247
   -0.114904
   -0.246480
   -0.367591
   -0.037907
    0.062631
    0.202978
    0.440028
    0.732825
    0.891650
    0.981243
    1.038127
    1.073461
    1.090984
    1.091071
    1.071430
    1.025875
    0.939269
    0.776037
    0.526692
    0.251865
    0.045084
   -0.117687
   -0.257205
   -0.383463
   -0.011570
    0.074243
    0.208897
    0.465985
    0.764101
    0.914940
    1.005342
    1.064167
    1.100866
    1.118897
    1.118819
    1.099033
    1.055210
    0.977964
    0.845689
    0.608985
    0.292539
    0.056849
   -0.117780
   -0.262340
   -0.390390
   -0.003969
    0.082260
    0.220798
    0.488733
    0.792000
    0.944105
    1.036967
    1.097801
    1.135912
    1.154870
    1.155427
    1.136338
    1.094056
    1.021429
    0.902353
    0.676649
    0.344675
    0.078557
   -0.114160
   -0.269947
   -0.406086
   -0.006256
    0.088277
    0.235326
    0.507538
    0.813083
    0.970209
    1.065719
    1.128147
    1.167424
    1.187430
    1.189128
    1.171487
    1.131249
    1.061801
    0.948469
    0.736455
    0.405493
    0.107203
   -0.107169
   -0.277339
   -0.424645
   -0.009583
    0.093890
    0.249126
    0.521666
    0.823911
    0.984316
    1.081201
    1.144322
    1.184227
    1.205104
    1.208157
    1.192622
    1.155622
    1.091215
    0.986476
    0.795175
    0.472215
    0.139781
   -0.097147
   -0.281828
   -0.440164
   -0.016900
    0.098566
    0.263315
    0.531362
    0.825630
    0.989404
    1.086878
    1.149954
    1.190046
    1.211717
    1.216436
    1.203696
    1.170897
    1.112293
    1.015560
    0.850551
    0.545766
    0.177294
   -0.083980
   -0.284310
   -0.454610
   -0.016597
    0.104817
    0.276507
    0.550489
    0.841298
    1.003096
    1.099427
    1.162096
    1.202443
    1.224999
    1.231266
    1.220842
    1.191373
    1.137627
    1.048629
    0.900050
    0.613062
    0.222986
   -0.074689
   -0.297345
   -0.483961
   -0.012545
    0.111805
    0.289164
    0.574425
    0.863229
    1.019518
    1.113289
    1.175063
    1.215565
    1.239041
    1.246880
    1.238682
    1.212283
    1.163019
    1.081381
    0.944517
    0.678464
    0.275775
   -0.066934
   -0.316745
   -0.522892
   -0.008612
    0.118694
    0.301748
    0.598550
    0.883737
    1.032796
    1.122905
    1.183172
    1.223557
    1.247932
    1.257511
    1.251839
    1.228861
    1.184272
    1.109512
    0.984795
    0.746334
    0.334581
   -0.058374
   -0.338325
   -0.566077
   -0.003510
    0.125762
    0.314106
    0.624403
    0.905385
    1.044888
    1.130129
    1.188317
    1.228370
    1.253642
    1.265082
    1.262105
    1.242696
    1.202786
    1.134458
    1.020604
    0.815217
    0.399763
   -0.049790
   -0.363480
   -0.615290
   -0.003161
    0.131690
    0.325359
    0.641087
    0.921908
    1.057338
    1.139495
    1.195668
    1.234633
    1.259665
    1.271698
    1.270198
    1.253302
    1.217260
    1.154872
    1.051018
    0.866075
    0.457453
   -0.016612
   -0.342960
   -0.602855
   -0.005590
    0.136918
    0.335801
    0.652233
    0.935395
    1.069632
    1.149493
    1.203501
    1.240804
    1.264835
    1.276657
    1.275880
    1.260841
    1.228128
    1.171204
    1.076346
    0.905253
    0.512275
    0.032971
   -0.293182
   -0.551330
   -0.008824
    0.141885
    0.345724
    0.661475
    0.947934
    1.081254
    1.158609
    1.210094
    1.245340
    1.267989
    1.279257
    1.278910
    1.265475
    1.235823
    1.183901
    1.096896
    0.939099
    0.568850
    0.090768
   -0.230563
   -0.483275
   -0.013520
    0.146445
    0.355030
    0.667602
    0.958828
    1.092377
    1.167348
    1.216020
    1.248754
    1.269515
    1.279733
    1.279369
    1.267149
    1.240200
    1.192815
    1.112566
    0.965497
    0.625638
    0.159510
   -0.149630
   -0.391170
   -0.013792
    0.152410
    0.365032
    0.677473
    0.971209
    1.103029
    1.175301
    1.221591
    1.252519
    1.272140
    1.281954
    1.282011
    1.271170
    1.246779
    1.203548
    1.129930
    0.994704
    0.680438
    0.215047
   -0.098865
   -0.341943
   -0.011602
    0.159175
    0.375292
    0.688802
    0.984033
    1.113201
    1.182604
    1.226703
    1.256143
    1.274956
    1.284631
    1.285251
    1.275768
    1.253720
    1.214232
    1.146798
    1.023301
    0.733983
    0.265428
   -0.062107
   -0.313284
   -0.008913
    0.166137
    0.385373
    0.699302
    0.996257
    1.122883
    1.189393
    1.231252
    1.259137
    1.277052
    1.286473
    1.287505
    1.279176
    1.259183
    1.223001
    1.160977
    1.047869
    0.787008
    0.318704
   -0.023197
   -0.282884
   -0.005070
    0.173498
    0.395421
    0.709735
    1.008228
    1.132079
    1.195623
    1.235273
    1.261663
    1.278732
    1.287910
    1.289301
    1.281982
    1.263782
    1.230476
    1.173198
    1.069549
    0.839267
    0.372190
    0.012480
   -0.258180
   -0.003492
    0.179688
    0.405388
    0.720588
    1.019438
    1.141578
    1.202865
    1.240587
    1.265496
    1.281561
    1.290232
    1.291661
    1.285012
    1.268270
    1.237519
    1.184607
    1.089379
    0.881761
    0.426136
    0.053583
   -0.224985
   -0.003039
    0.185231
    0.415290
    0.731699
    1.030057
    1.151116
    1.210594
    1.246586
    1.270043
    1.285017
    1.293008
    1.294243
    1.287990
    1.272395
    1.243842
    1.194822
    1.107013
    0.917490
    0.480460
    0.097225
   -0.188029
   -0.002572
    0.190649
    0.425143
    0.742905
    1.040253
    1.160431
    1.218288
    1.252664
    1.274714
    1.288579
    1.295809
    1.296708
    1.290642
    1.275907
    1.249159
    1.203461
    1.122105
    0.949453
    0.535078
    0.140520
   -0.152039
   -0.002470
    0.195767
    0.434941
    0.754260
    1.049971
    1.169610
    1.226121
    1.259024
    1.279707
    1.292421
    1.298778
    1.299168
    1.293058
    1.278888
    1.253564
    1.210651
    1.134770
    0.976651
    0.590018
    0.184431
   -0.115440
   -0.002003
    0.201837
    0.446255
    0.766524
    1.057417
    1.176152
    1.231727
    1.263586
    1.283274
    1.295140
    1.300870
    1.300930
    1.294880
    1.281304
    1.257342
    1.217058
    1.146419
    1.001921
    0.640716
    0.225979
   -0.083328
   -0.001414
    0.208442
    0.458562
    0.779443
    1.063189
    1.180892
    1.235895
    1.267043
    1.285999
    1.297203
    1.302433
    1.302225
    1.296227
    1.283165
    1.260399
    1.222460
    1.156582
    1.024317
    0.688694
    0.266156
   -0.054005
   -0.000947
    0.215165
    0.471338
    0.792764
    1.067884
    1.184662
    1.239414
    1.270089
    1.288462
    1.299079
    1.303815
    1.303284
    1.297219
    1.284485
    1.262639
    1.226635
    1.164789
    1.042894
    0.735473
    0.305955
   -0.025772
   -0.000520
    0.222144
    0.484757
    0.806572
    1.071304
    1.187186
    1.242020
    1.272492
    1.290471
    1.300611
    1.304901
    1.304030
    1.297816
    1.285258
    1.264094
    1.229657
    1.171196
    1.057966
    0.780546
    0.345046
    0.000806
