   -0.16454976E-01
    0.54902970E-02
    0.48287239E-01
    0.45136325E-01
   -0.55853955E-01
    0.13618359E-01
    0.60864352E-01
    0.11405560E-01
   -0.86684018E-01
    0.18929735E-01
    0.80724180E-01
    0.97348457E-02
   -0.10794283E+00
    0.22715526E-01
    0.99665016E-01
    0.10413861E-01
   -0.11885549E+00
    0.25127541E-01
    0.11704779E+00
    0.12292249E-01
   -0.11952454E+00
    0.26801681E-01
    0.13314141E+00
    0.15598820E-01
   -0.11051933E+00
    0.28356822E-01
    0.14796379E+00
    0.20805854E-01
   -0.93893304E-01
    0.29518284E-01
   -0.10641147E-01
   -0.19233610E-01
   -0.72896987E-01
    0.28455680E-01
    0.17431617E+00
    0.40835813E-01
   -0.72207950E-01
    0.28305648E-01
    0.18660365E+00
    0.46474155E-01
   -0.79913907E-01
    0.29171489E-01
    0.20134839E+00
    0.50959472E-01
   -0.89668073E-01
    0.29184582E-01
    0.21555215E+00
    0.56164101E-01
   -0.10377887E+00
    0.29037902E-01
    0.23266360E+00
    0.63928351E-01
   -0.10951740E+00
    0.29605553E-01
    0.26047254E+00
    0.76536790E-01
   -0.11034121E+00
    0.30732291E-01
    0.29600945E+00
    0.94821155E-01
   -0.11106315E+00
    0.31828381E-01
    0.34203455E+00
    0.12601317E+00
   -0.11135406E+00
    0.32414891E-01
   -0.23309622E-01
   -0.22095272E-01
   -0.11892659E+00
    0.30687856E-01
    0.41698918E+00
    0.20197698E+00
   -0.12857552E+00
    0.28945293E-01
    0.40189901E+00
    0.19562593E+00
   -0.13836516E+00
    0.27676210E-01
    0.37123847E+00
    0.16791508E+00
   -0.14885367E+00
    0.26873223E-01
    0.32322007E+00
    0.12172212E+00
   -0.15542410E+00
    0.26091592E-01
    0.30411610E+00
    0.99791571E-01
   -0.16043837E+00
    0.25002340E-01
    0.30381027E+00
    0.93756258E-01
   -0.16387434E+00
    0.24149861E-01
    0.30484527E+00
    0.90858757E-01
   -0.16625020E+00
    0.23197837E-01
    0.30742943E+00
    0.88326953E-01
   -0.17049468E+00
    0.22661787E-01
    0.30513409E+00
    0.82840547E-01
   -0.17584309E+00
    0.22327587E-01
    0.30239519E+00
    0.77227451E-01
   -0.18032533E+00
    0.22237871E-01
    0.29624087E+00
    0.68998188E-01
   -0.18526849E+00
    0.22244116E-01
    0.29256085E+00
    0.63063242E-01
   -0.19100296E+00
    0.22186358E-01
    0.29227710E+00
    0.58779564E-01
   -0.19692887E+00
    0.22239124E-01
    0.29477745E+00
    0.56724165E-01
   -0.20344751E+00
    0.22308709E-01
    0.29991201E+00
    0.55802558E-01
   -0.23696746E-02
   -0.13677402E-01
   -0.23696716E-02
   -0.13677402E-01
